405 51816 433
756 52577 26
2124 53770 149
1642 53115 563
300 51666 160
997 52734 573
1384 53121 616
2530 53881 238
379 51789 259
1158 52668 62
908 52373 37
530 52026 199
1301 52976 161
728 52520 329
1850 53786 435
435 51882 25
1027 52557 510
415 51810 285
513 51989 296
1720 53854 231
521 52326 45
280 51612 178
2795 54563 490
1319 52791 574
396 51816 415
2498 54169 212
666 52149 492
707 52177 507
2137 54206 350
2131 53819 42
619 52056 583
718 52206 147
2081 53357 256
460 51924 153
464 51908 323
921 52380 22
1243 52930 249
1337 52767 606
2521 54538 145
1602 53117 234
1291 52738 413
2128 53800 518
1044 52468 425
1316 52790 271
1580 53145 630
2024 53503 617
2501 54084 407
1024 52826 519
355 51788 252
1434 53053 365
