1027 52557 606
787 52320 213
1592 52990 22
878 52353 99
953 52411 484
2091 53447 289
1344 52792 391
1291 52738 183
1310 53033 157
413 51821 56
1323 52797 638
1923 53319 203
1937 53388 399
327 52294 421
617 52072 176
2744 54272 284
2657 54502 430
425 51898 500
2217 53794 69
1767 53436 246
2232 53827 152
296 51984 99
1005 52703 167
282 51658 590
819 52409 291
2144 53770 166
338 51694 422
658 52146 170
1303 53050 249
1813 53903 411
769 52282 272
543 52017 405
2599 54234 313
841 52375 173
447 51877 361
2608 54474 517
1455 53089 635
1959 53440 162
1848 54180 295
480 51989 250
1838 53467 154
2273 53709 609
599 52317 246
2878 54465 345
1803 54152 527
596 52370 19
1043 52465 303
1794 54504 544
2589 54174 339
2573 54061 521
