1.578523019117221
1.221485933919394
1.371882545635433
1.726505583846290
1.854215816137550
1.486740123098919
1.718432897932110
0.571035996804254
1.774519744133985
0.578519813643123
1.470947284165270
2.141156964680285
1.831094396465071
0.873160145743677
1.243678745595435
1.696487375719859
1.301726681781842
-0.053185253625610
1.906740435962007
1.132256078399987
1.672279340373860
1.494421598115599
2.177210320687065
1.543540563318881
1.498728416986816
0.677483972187727
0.529319385890803
0.670480635349358
1.587272007652780
1.611545940452365
0.961256704808439
2.623496788630042
1.306723867880367
1.365028767641154
1.895654017285942
1.977452883524696
0.616350429589592
1.120658919501674
1.453605278900200
0.837249093685264
1.404135958009549
1.379140297043063
1.818800722745373
1.356106516821491
0.615492578763116
0.229697265484566
1.974500936632220
0.379824537763318
0.768965350334451
1.203075333340237
