-0.599456788311793
-2.385771405986767
-0.542515099481195
-1.507206808106853
-0.891072467684459
-0.428685534066111
-1.324425764512495
-0.583109159907439
1.229823378401016
-0.511063535267005
-1.592781764421874
-0.862242807101322
-0.792071090929635
-0.884827570983205
-0.173346317911238
-0.582564949326202
-1.758784607507284
-0.299793439980413
-0.946615091966918
-0.699899845254508
-3.062321173665837
-0.257807234412646
-0.571766442088054
-2.009536444627009
-0.513790991458447
-1.059280382984418
-1.552101738628996
-1.045734814891572
-0.860263553661958
-1.194090488690532
-1.467647043657176
-0.574512746402484
-0.918611362494318
-1.518380045745957
0.348688003598300
-0.732499399090845
-1.039808464414316
-0.708220371532954
-0.665308684922251
-0.678935875602639
-1.108665103732202
-1.099597122413854
-2.373321516319525
0.855153768302023
-0.937323157387282
-0.830915717929580
-1.031873463102443
-0.025589574581384
-0.364688295395852
-0.693356490768450
